2.000246345996856689e-01 -9.149667620658874512e-02 1.059244632720947266e+01
-3.787990286946296692e-02 -2.479103654623031616e-01 -8.055882453918457031e+00
-3.540574550628662109e+00 2.627508401870727539e+00 -8.107996940612792969e+00
-4.738674640655517578e+00 2.540429234504699707e-01 -7.941168308258056641e+00
3.390211343765258789e+00 -3.154043436050415039e+00 -8.047114372253417969e+00
4.612287044525146484e+00 -7.831655740737915039e-01 -7.682609081268310547e+00
2.971865892410278320e+00 -3.149202346801757812e+00 4.688378810882568359e+00
4.163917541503906250e+00 -5.357700586318969727e-01 4.798495769500732422e+00
-3.826544284820556641e+00 -6.611058712005615234e-01 5.315791130065917969e+00
-2.583628416061401367e+00 2.775918006896972656e+00 5.238107681274414062e+00
