1.449730992317199707e+00 3.509901762008666992e+00 5.317754745483398438e-01
3.981088876724243164e+00 1.276122379302978516e+01 7.752984762191772461e-02
1.477401971817016602e+00 3.402704954147338867e+00 -7.053781151771545410e-01
-4.260063648223876953e+00 -5.195550441741943359e+00 -1.138851791620254517e-01
8.903336524963378906e-01 -7.226818561553955078e+00 1.100068762898445129e-01
3.034214735031127930e+00 -4.491681098937988281e+00 1.751129329204559326e-01
2.183421611785888672e+00 -2.475839704275131226e-01 3.001923561096191406e-01
-5.357333660125732422e+00 -2.097043275833129883e+00 -8.302132599055767059e-03
-1.171950459480285645e+00 1.479909777641296387e+00 5.809537693858146667e-02
-9.039142131805419922e-01 -2.489065408706665039e+00 -5.788304805755615234e-01
-7.725067138671875000e-01 -2.662234783172607422e+00 1.168574169278144836e-01
