1.210649776458740234e+01 7.099961638450622559e-01 -5.623927712440490723e-01
-1.297438907623291016e+01 8.086127638816833496e-01 -5.528615117073059082e-01
8.704401016235351562e+00 1.225462317466735840e+00 -8.431853294372558594e+00
9.157417297363281250e+00 6.415251255035400391e+00 5.405628085136413574e-01
8.940619468688964844e+00 6.105781793594360352e-01 6.119829177856445312e+00
9.395323753356933594e+00 -4.742460250854492188e+00 -2.992987930774688721e-01
6.229593276977539062e+00 1.009827017784118652e+00 -3.623524188995361328e+00
6.420518398284912109e+00 3.750153541564941406e+00 -8.684637956321239471e-03
7.371987342834472656e+00 1.074923872947692871e+00 1.934296011924743652e+00
6.387169837951660156e+00 -1.727695941925048828e+00 -3.716594874858856201e-01
