8.833495527505874634e-02 5.304435729980468750e+00 3.263446390628814697e-01
7.109171897172927856e-02 3.712267875671386719e-01 4.105503559112548828e-01
3.045210599899291992e+00 -4.674084186553955078e+00 1.717870473861694336e+00
3.041604995727539062e+00 -4.689500331878662109e+00 -9.621723294258117676e-01
-2.858841657638549805e+00 -4.652175426483154297e+00 1.792141675949096680e+00
-2.860633611679077148e+00 -4.676228523254394531e+00 -9.774560332298278809e-01
-2.865819454193115234e+00 3.073044717311859131e-01 1.762492418289184570e+00
-2.881278753280639648e+00 3.139559924602508545e-01 -9.745664596557617188e-01
2.998620748519897461e+00 4.237770736217498779e-01 1.695978045463562012e+00
2.990966558456420898e+00 3.793827295303344727e-01 -9.984270930290222168e-01
6.248569011688232422e+00 -3.852443695068359375e+00 4.095255434513092041e-01
-6.075178623199462891e+00 -3.667613506317138672e+00 4.284633994102478027e-01
