2.578101873397827148e+00 1.024230003356933594e+00 2.064595937728881836e+00
2.604388475418090820e+00 -9.558202028274536133e-01 2.043458461761474609e+00
-3.102742671966552734e+00 1.019744873046875000e+00 7.543343901634216309e-01
-3.087268829345703125e+00 -1.089851975440979004e+00 6.798931956291198730e-01
-2.693163633346557617e+00 -1.377267718315124512e+00 -1.828505039215087891e+00
3.018287420272827148e+00 -1.286552906036376953e+00 -1.982488870620727539e+00
2.942419052124023438e+00 1.340500831604003906e+00 -2.049577236175537109e+00
-2.747958421707153320e+00 1.314882516860961914e+00 -1.803596854209899902e+00
2.982042074203491211e+00 -9.843809604644775391e-01 6.462398767471313477e-01
2.956178188323974609e+00 1.051258087158203125e+00 6.566988825798034668e-01
